6.79911e+06 251998
6.78758e+06 503931
6.76541e+06 755403
6.73265e+06 1.00602e+06
6.68934e+06 1.2554e+06
6.63552e+06 1.50314e+06
6.57126e+06 1.74885e+06
6.49664e+06 1.99215e+06
6.41175e+06 2.23264e+06
6.31667e+06 2.46995e+06
6.21152e+06 2.70367e+06
6.09642e+06 2.93343e+06
5.9715e+06 3.15885e+06
5.83692e+06 3.37953e+06
5.69282e+06 3.5951e+06
5.53938e+06 3.80519e+06
5.37678e+06 4.00942e+06
5.20524e+06 4.2074e+06
5.02495e+06 4.39878e+06
4.83615e+06 4.58319e+06
4.63909e+06 4.76026e+06
4.43401e+06 4.92965e+06
4.22121e+06 5.09099e+06
4.00096e+06 5.24395e+06
3.77357e+06 5.38818e+06
3.53938e+06 5.52335e+06
3.29871e+06 5.64915e+06
3.05193e+06 5.76527e+06
2.79941e+06 5.87139e+06
2.54155e+06 5.96724e+06
2.27874e+06 6.05254e+06
2.01142e+06 6.12702e+06
1.74002e+06 6.19044e+06
1.46501e+06 6.24257e+06
1.18685e+06 6.28321e+06
906040 6.31215e+06
623080 6.32922e+06
338486 6.33429e+06
52788.9 6.32721e+06
-233470 6.3079e+06
-519739 6.27628e+06
-805455 6.2323e+06
-1.09005e+06 6.17595e+06
-1.37295e+06 6.10723e+06
-1.65358e+06 6.02618e+06
-1.93136e+06 5.93289e+06
-2.2057e+06 5.82746e+06
-2.47602e+06 5.71002e+06
-2.74177e+06 5.58075e+06
-3.00235e+06 5.43985e+06
-3.25724e+06 5.28756e+06
-3.50586e+06 5.12414e+06
-3.7477e+06 4.94991e+06
-3.98224e+06 4.76519e+06
-4.20899e+06 4.57035e+06
-4.42747e+06 4.36577e+06
-4.63724e+06 4.15188e+06
-4.83787e+06 3.92913e+06
-5.02896e+06 3.69797e+06
-5.21015e+06 3.4589e+06
-5.38111e+06 3.21244e+06
-5.54153e+06 2.95909e+06
-5.69113e+06 2.69941e+06
-5.8297e+06 2.43394e+06
-5.95701e+06 2.16324e+06
-6.07291e+06 1.88789e+06
-6.17727e+06 1.60844e+06
-6.26999e+06 1.32548e+06
-6.351e+06 1.03956e+06
-6.42028e+06 751256
-6.47782e+06 461123
-6.52366e+06 169711
-6.55787e+06 -122443
-6.58054e+06 -414811
-6.59178e+06 -706881
-6.59174e+06 -998158
-6.58059e+06 -1.28816e+06
-6.55851e+06 -1.57643e+06
-6.52573e+06 -1.86253e+06
-6.48245e+06 -2.14602e+06
-6.42894e+06 -2.42652e+06
-6.36544e+06 -2.70363e+06
-6.29223e+06 -2.97701e+06
-6.20959e+06 -3.2463e+06
-6.11781e+06 -3.5112e+06
-6.01719e+06 -3.7714e+06
-5.90804e+06 -4.02663e+06
-5.79066e+06 -4.27663e+06
-5.66538e+06 -4.52117e+06
-5.5325e+06 -4.76003e+06
-5.39235e+06 -4.99301e+06
-5.24524e+06 -5.21993e+06
-5.09149e+06 -5.44063e+06
-4.93142e+06 -5.65496e+06
-4.76534e+06 -5.86279e+06
-4.59357e+06 -6.06402e+06
-4.4164e+06 -6.25853e+06
-4.23414e+06 -6.44625e+06
-4.04709e+06 -6.6271e+06
-3.85554e+06 -6.80102e+06
